29
75
9
57
100
2
41
33
66
95
46
5
12
85
90
92
27
52
9
69
24
95
43
42
63
85
26
32
2
15
52
82
93
16
4
91
90
74
76
49
38
62
37
22
95
23
76
82
14
79
31
65
33
40
54
2
54
34
59
67
41
72
85
87
98
89
83
14
28
7
84
17
34
35
60
82
19
27
6
10
47
42
10
28
87
29
82
93
60
78
0
47
58
85
88
82
15
88
98
45
65
60
58
11
28
28
60
69
99
15
84
36
23
25
99
53
54
37
24
42
2
64
98
34
94
15
34
8
92
21
31
12
52
85
13
90
4
50
57
67
42
79
80
67
42
19
20
18
92
45
73
61
51
5
31
33
69
13
77
24
15
93
80
71
58
2
11
60
42
79
66
88
3
34
87
64
83
6
70
78
43
36
81
100
53
88
92
74
3
72
100
85
86
83
70
84
54
21
90
100
70
22
44
33
93
1
94
71
62
52
93
76
13
18
81
50
85
25
0
10
21
4
84
3
88
0
56
88
96
48
48
77
29
5
99
0
32
21
56
62
50
29
89
12
23
80
64
31
83
40
53
62
91
24
4
17
19
41
13
65
40
19
31
55
13
80
77
74
66
61
18
22
57
83
49
94
94
75
54
95
22
94
16
22
73
29
40
54
20
73
46
4
13
75
67
62
75
36
65
24
64
84
25
90
56
80
47
6
90
48
79
95
23
67
52
96
37
57
65
90
51
29
65
46
71
44
40
84
11
31
42
31
91
47
2
6
16
95
77
34
13
24
51
21
63
50
11
57
25
83
85
99
23
59
52
80
53
25
60
96
59
21
73
8
7
40
61
88
87
38
64
6
47
29
9
100
48
77
21
100
20
98
47
88
22
95
37
57
29
76
13
1
19
24
39
26
40
70
53
41
24
69
53
83
90
0
0
45
25
89
81
36
9
6
46
17
48
27
10
87
27
94
43
15
44
97
60
91
88
33
64
24
33
32
7
79
88
32
39
40
74
18
42
66
15
31
86
89
73
27
97
95
84
5
97
57
50
32
69
14
0
78
14
92
80
66
37
92
78
77
33
97
80
45
76
76
63
99
49
9
1
69
12
51
78
28
29
38
68
47
63
90
62
46
72
46
49
91
42
41
70
22
77
48
46
36
80
13
59
99
6
39
16
4
61
63
98
23
79
17
96
93
9
92
45
51
48
92
19
63
50
63
52
36
1
61
36
45
42
24
57
22
48
80
41
65
68
89
27
11
86
27
81
73
99
18
34
43
77
24
70
35
52
95
45
50
86
80
91
91
16
40
58
26
24
44
22
79
3
47
3
11
59
11
95
45
20
44
100
57
99
58
62
94
74
15
23
54
39
67
98
35
94
78
93
73
91
2
80
82
17
76
7
51
83
89
94
85
28
59
91
72
65
1
65
12
34
57
76
80
10
2
90
89
54
70
47
57
91
62
45
45
25
13
21
77
0
11
65
87
65
100
95
46
51
20
71
69
82
31
64
29
46
54
28
100
66
83
33
82
73
6
13
41
79
64
0
54
1
43
48
1
21
59
72
72
29
55
14
46
73
78
75
24
64
62
94
64
65
72
28
39
67
27
15
68
31
1
90
87
31
44
77
37
41
31
80
26
34
33
12
10
23
54
93
68
49
98
8
86
2
47
63
66
100
56
84
52
29
56
15
11
14
67
100
63
50
31
70
84
80
91
57
46
37
95
93
9
5
54
92
38
32
84
3
31
63
7
62
70
22
9
45
11
0
6
79
98
56
59
6
0
42
13
88
64
1
84
51
5
67
17
50
32
19
4
13
83
73
58
39
46
63
2
31
87
14
48
22
28
2
66
44
23
38
88
39
56
45
74
62
91
73
7
92
33
89
3
45
10
21
4
48
48
26
72
54
43
61
54
98
32
49
21
55
23
36
95
57
12
89
82
15
100
22
94
84
70
66
10
91
75
83
37
26
66
14
84
51
96
22
38
27
38
96
100
94
11
31
10
27
21
57
37
21
64
88
53
25
50
57
24
38
14
7
68
8
50
19
93
21
77
47
48
97
2
49
74
79
6
84
25
78
84
48
17
11
16
48
85
97
92
72
74
69
67
1
62
36
83
5
67
87
82
97
97
45
42
31
20
32
7
90
13
33
13
59
41
42
48
59
81
89
17
36
83
0
88
22
82
55
72
79
3
0
61
27
21
100
38
52
100
7
78
9
19
92
60
47
37
24
85
94
93
8
30
0
30
4
11
53
89
25
1
82
91
88
19
9
40